RUB
10000
    5
     30
      32
       45
         50
USD 200   3 30 32 45 50
EUR 180   2 30 32 45 50
RUB 10000 5 30 32 45 50
USD 200   3 30 32 45 50
EUR 180   2 30 32 45 50
RUB 10000 5 30 32 45 50
USD 200 3 30 32 45 50
EUR,180,2,30,32,45 50
RUB 10000   5   30  32  45  50
USD 200 3 30 32 45 50
EUR 180 2 30 32 45 50
RUB 10000 5 30 32 45 50
USD 200 3 30 32 45 50
EUR 180 2 30 32 45 50
RUB 10000 5 30 32 45 50
USD 200 3 30 32 45 50
EUR 180 2 30 32 45 50
RUB 10000 5 30 32 45 50
USD 200 3 30 32 45 50
EUR 180 2 30 32 45 50
RUB 10000 5 30 32 45 50
USD 200 3 30 32 45 50
EUR 180 2 30 32 45 50
RUB 10000 5 30 32 45 50
USD 200 3 30 32 45 50
EUR 180 2 30 32 45 50
RUB 10000 5 30 32 45 50
USD 200 3 30 32 45 50
EUR 180 2 30 32 45 50
RUB 10000 5 30 32 45 50
USD 200 3 30 32 45 50
EUR 180 2 30 32 45 50
RUB 109000 5 30 32 45 50
USD 200 3 30 32 45 50
EUR 180 2 30 32 45 50
RUB 10000 5 30 32 45 50
USD 2090 3 30 32 45 50
EUR 1890 2 30 32 45 50
RUB 10000 5 30 32 45 50
USD 200 3 30 32 45 50
EUR 18990 2 30 32 45 50
RUB 109000 1 30 32 45 50
USD 200 3 30 32 45 50
EUR 180 2 30 32 45 50
RUB 10000 5 30 32 45 50
USD 200 3 30 32 45 50
EUR 180 2 30 32 45 50
RUB 100900 5 30 32 45 50
USD 200 3 30 32 45 50
EUR 180 2 30 32 45 50
RUB 10000 5 30 32 45 50
USD 200 3 30 32 45 50
EUR 180 2 30 32 45 50
RUB 10800 5 30 32 45 50
USD 200 3 30 32 45 50
EUR 180 2 30 32 45 50
RUB 10000 5 30 32 45 50
USD 200 3 30 32 45 50
EUR 180 2 30 32 45 50
RUB 10000 5 30 32 45 50
USD 200 3 30 32 45 50
EUR 180 2 30 32 45 50
RUB 1020 5 30 32 45 42
USD 200 3 30 32 45 50
EUR 180 2 30 32 45 50
RUB 10000 5 30 32 45 50
USD 200 3 30 32 45 50
EUR 180 2 30 32 45 50
RUB 10000 5 30 32 45 50
USD 200 3 30 32 45 50
EUR 180 2 30 32 45 50
RUB 10000 5 30 32 45 50
USD 200 3 30 32 45 50
EUR 180 2 30 32 45 50
RUB 10000 5 30 32 45 50
USD 200 1 30 32 45 50
EUR 180 2 30 32 45 54
RUB 10000 5 30 32 45 50
USD 200 3 30 32 45 50
EUR 180 2 30 32 45 50
RUB 10000 5 30 32 45 50
USD 200 1 30 32 45 50
EUR 180 2 30 32 45 50
RUB 10000 5 30 32 45 50
USD 200 3 30 32 45 50
EUR 180 2 30 32 45 50
RUB 10000 5 30 32 45 50
USD 200 3 30 32 45 50
EUR 180 2 30 32 42 50
RUB 10000 5 30 32 45 50
USD 200 3 30 32 45 50
EUR 180 2 30 32 45 50
RUB 10000 5 30 32 45 50
USD 200 3 30 32 45 50
EUR 180 1 30 32 45 50
RUB 10000 5 30 32 45 50
USD 200 1 30 32 45 50
EUR 180 2 30 32 45 50
RUB 10000 1 30 32 45 50
USD 200 3 30 32 45 50
EUR 180 1 30 32 45 50
RUB 10000 5 30 32 45 50
USD 200 1 30 32 45 50
EUR 180 2 30 32 45 50
RUB 10000 5 30 32 45 50
USD 200 3 30 32 45 50
EUR 180 2 30 32 45 50
RUB 10000 5 30 32 45 50
USD 200 3 30 32 45 50
EUR 180 2 30 32 45 50
RUB 10000 5 30 32 45 50
USD 200 3 30 32 45 50
EUR 180 2 30 32 45 50
RUB 10000 5 30 32 45 50
USD 200 3 30 32 45 50
EUR 180 2 30 30 45 50
RUB 10000 5 30 32 45 50
USD 200 3 30 32 45 50
EUR 180 2 30 32 45 50
RUB 10000 5 30 32 45 50
USD 200 3 30 32 45 50
EUR 180 2 30 32 45 50
RUB 101000 5 30 32 45 50
USD 200 3 30 32 45 50
EUR 180 2 30 32 45 50
RUB 10000 5 30 32 45 50
USD 200 3 30 32 45 50
EUR 180 2 30 32 45 50
RUB 10000 5 30 32 45 50
USD 200 3 30 32 45 50
EUR 1810 2 30 32 45 50
RUB 10000 5 30 32 45 50
USD 200 3 30 32 45 50
EUR 180 2 30 32 45 50
RUB 10000 5 30 32 45 50
USD 200 3 30 32 45 50
EUR 180 2 30 32 45 50
RUB 10000 5 30 32 45 50
USD 200 3 30 32 45 50
EUR 180 2 30 32 45 50
RUB 100100 5 30 32 45 50
USD 2100 3 30 32 45 50
EUR 180 2 30 32 45 50
RUB 10000 5 30 32 45 50
USD 200 3 30 32 45 50
EUR 180 2 30 32 45 50
RUB 10000 5 30 32 45 50
USD 200 3 30 32 45 50
EUR 180 2 30 32 45 50
RUB 101000 5 30 32 45 50
USD 200 3 30 32 45 50
EUR 180 2 30 32 45 50
RUB 10000 5 30 32 45 50
USD 200 3 30 32 45 50
EUR 180 2 30 32 45 50
RUB 10000 5 30 32 45 50
USD 200 3 30 32 45 50
EUR 180 2 30 32 45 50